,Unnamed: 0,codingWeek,channelId,videoId,title,publishedAt,viewCount,likeCount,dislikeCount,commentCount,duration,channelTitle,subscriberCount,country,videoURL
0,0,2020-06-21-2020-06-28,UC3XTzVzaHQEd30rQbuvCtTQ,MuxnH0VAkAM,Coronavirus VIII: Prisons &amp; Jails: Last Week Tonight with John Oliver (HBO),2020-06-22T06:30:01Z,5061497,130103,5490,13585.0,1113,LastWeekTonight,8340000,Unknown,https://www.youtube.com/watch?v=MuxnH0VAkAM
1,1,2020-06-21-2020-06-28,UCVTyTA7-g9nopHeHbeuvpRA,7_HxdCHqFiU,Trump Pretends Coronavirus Doesn't Exist: A Closer Look,2020-06-26T01:00:00Z,3032690,51272,1474,8291.0,728,Late Night with Seth Meyers,3850000,US,https://www.youtube.com/watch?v=7_HxdCHqFiU
2,2,2020-06-21-2020-06-28,UCEAZeUIeJs0IjQiqTCdVSIg,niCxnEyG0SM,"President Trump holds rally in Tulsa, Oklahoma, amid coronavirus spread concerns",2020-06-21T04:07:10Z,1885084,22268,14111,7217.0,13855,Yahoo Finance,371000,US,https://www.youtube.com/watch?v=niCxnEyG0SM
3,3,2020-06-21-2020-06-28,UCMSsLqxqvZsNXi0Z-VjN89A,NQ0FaaJ73xc,18 Coronavirus Autopsies (This is what they found in the Brain) | COVID-19,2020-06-24T20:03:20Z,1377057,27933,948,2885.0,579,Doctor Mike Hansen,385000,US,https://www.youtube.com/watch?v=NQ0FaaJ73xc
4,4,2020-06-21-2020-06-28,UCupvZG-5ko_eiXAupbDfxWw,KXXRYmwEcWM,Anderson Cooper: Trump is pretending Covid-19 is gone,2020-06-24T02:05:26Z,902275,13793,2469,9730.0,674,CNN,10500000,Unknown,https://www.youtube.com/watch?v=KXXRYmwEcWM
5,5,2020-06-21-2020-06-28,UC16niRr50-MSBwiO3YDb3RA,cIhak7--M8Q,Coronavirus in India: Inside a Mumbai hospital ICU,2020-06-26T11:16:06Z,1381284,6762,849,1310.0,187,BBC News,8240000,GB,https://www.youtube.com/watch?v=cIhak7--M8Q
6,6,2020-06-21-2020-06-28,UCqVHGwQCmmGa2hjS7ydN4sQ,Qj50tqnY5y0,TRATAMIENTO DEL COVID 19  - LO QUE DEBEMOS TOMAR EN CUENTA [?],2020-06-24T00:15:22Z,880176,15950,1280,1066.0,1091,Dr. Luis Antonio Pacora Camargo,260000,PE,https://www.youtube.com/watch?v=Qj50tqnY5y0
7,7,2020-06-21-2020-06-28,UCqVHGwQCmmGa2hjS7ydN4sQ,Uj_nUOxv8Tk,?CUANTO DURA LA ENFERMEDAD DEL COVID-19,2020-06-26T00:15:05Z,749509,12439,739,1480.0,709,Dr. Luis Antonio Pacora Camargo,260000,PE,https://www.youtube.com/watch?v=Uj_nUOxv8Tk
8,8,2020-06-21-2020-06-28,UC0p5jTq6Xx_DosDFxVXnWaQ,MxDVucUZCnc,Covid-19: is working from home really the new normal? | The Economist,2020-06-25T14:00:06Z,524684,7687,202,855.0,527,The Economist,1580000,GB,https://www.youtube.com/watch?v=MxDVucUZCnc
9,9,2020-06-21-2020-06-28,UC2t5bjwHdUX4vM2g8TRDq5g,TK1_Ij2ze-Y,COVID-19 Charity Fundraiser Announcement - League of Legends,2020-06-25T20:00:03Z,481405,13436,732,1254.0,141,League of Legends,12800000,US,https://www.youtube.com/watch?v=TK1_Ij2ze-Y
10,10,2020-06-21-2020-06-28,UCsRnhjcUCR78Q3Ud6OXCTNg,w9ofg06bUuI,Tratamiento experimental de COVID-19: Peru asocia baja de muertes a uso de Ivermectina,2020-06-24T03:12:53Z,407953,2461,146,941.0,167,T13,1150000,CL,https://www.youtube.com/watch?v=w9ofg06bUuI
11,11,2020-06-21-2020-06-28,UCPi6yRssfFZscB7IEj-6oCQ,xrAGBzU7bbE,[Live] Covid19 Pandemic: Real Time Counter Corona Virus Figures And Active Cases...,2020-06-22T20:47:03Z,502001,1107,99,0.0,0,Raytech Ltd,6120,GR,https://www.youtube.com/watch?v=xrAGBzU7bbE
12,12,2020-06-21-2020-06-28,UC16niRr50-MSBwiO3YDb3RA,bazFR9T9NBA,Trial of revolutionary new vaccine for coronavirus begins in London - BBC News,2020-06-24T21:25:40Z,289883,2540,702,2388.0,623,BBC News,8240000,GB,https://www.youtube.com/watch?v=bazFR9T9NBA
13,13,2020-06-21-2020-06-28,UCWECyJ0_XoYNoIah6ZmGLdQ,USxDZYgbmpY,InterSystems Responsiveness and COVID-19,2020-06-25T21:03:50Z,439183,1,0,0.0,45,InterSystemsCorp,2230,US,https://www.youtube.com/watch?v=USxDZYgbmpY
14,14,2020-06-21-2020-06-28,UCAKB9wGGRccBDrvbbbmgetw,S3PPczTwjGk,Coronavirus-Update #50: Das Virus kommt wieder | NDR Podcast,2020-06-23T14:24:53Z,283481,4460,2298,6961.0,2862,NDR Ratgeber,278000,DE,https://www.youtube.com/watch?v=S3PPczTwjGk
15,15,2020-06-21-2020-06-28,UCkM3BNrD_qHu2rApxVdKO1A,Z6joGL66cbQ,A child&#39;s guide to hospital: COVID - 19 Test,2020-06-25T23:16:10Z,428629,2715,265,0.0,168,The Royal Children's Hospital Melbourne,74800,Unknown,https://www.youtube.com/watch?v=Z6joGL66cbQ
16,16,2020-06-21-2020-06-28,UCknLrEdhRCp1aegoMqRaCZg,imFZmV0ZRXc,Coronavirus cases surge in India&#39;s capital Delhi | DW News,2020-06-26T08:15:59Z,263836,2165,155,1008.0,372,DW News,1680000,DE,https://www.youtube.com/watch?v=imFZmV0ZRXc
17,17,2020-06-21-2020-06-28,UCoxg3Kml41wE3IPq-PC-LQw,F3am_oJPqo0,BRUJERIA - COVID-666 (OFFICIAL MUSIC VIDEO),2020-06-26T15:30:05Z,260630,10280,789,810.0,206,Nuclear Blast Records,2460000,Unknown,https://www.youtube.com/watch?v=F3am_oJPqo0
18,18,2020-06-21-2020-06-28,UCIRYBXDze5krPDzAEOxFGVA,LHbcDicFQYY,How Trump has defied science on coronavirus,2020-06-25T11:36:55Z,222366,770,350,420.0,328,Guardian News,1300000,GB,https://www.youtube.com/watch?v=LHbcDicFQYY
19,19,2020-06-21-2020-06-28,UCFxHplbcoJK9m70c4VyTIxg,52ZrHEY71p8,?Que es el oximetro y para que sirve ante covid-19?,2020-06-24T01:32:53Z,162489,589,130,33.0,150,MILENIO,2500000,MX,https://www.youtube.com/watch?v=52ZrHEY71p8
20,20,2020-06-21-2020-06-28,UCeY0bbntWzzVIaj2z3QigXg,baHR5E952H8,"&#39;Slow The Testing Down, Please&#39; President Mocks COVID-19 As 26 States See Spike In Infections",2020-06-21T17:30:02Z,91763,519,108,463.0,168,NBC News,3810000,Unknown,https://www.youtube.com/watch?v=baHR5E952H8
21,21,2020-06-21-2020-06-28,UCiMg06DjcUk5FRiM3g5sqoQ,kbnW5xnH7eI,"Your COVID-19 Questions Answered: Daily Life, Social Interaction, Returning to Work, and More",2020-06-25T20:23:41Z,102115,442,79,0.0,3160,Centers for Disease Control and Prevention (CDC),476000,US,https://www.youtube.com/watch?v=kbnW5xnH7eI
22,22,2020-06-21-2020-06-28,UCxhDBhx2j1R0_tsXuJTmplA,NOK6drNPNck,COVID-19 and Antibody tests explained: IgM and IgG antibodies to Coronavirus,2020-06-27T00:31:43Z,114955,612,33,N/A,141,Beckman Coulter Dx,3770,US,https://www.youtube.com/watch?v=NOK6drNPNck
23,23,2020-06-21-2020-06-28,UCMJ584ZcmJSyzF8VE8Zyy2A,3sURTAaxmc8,Covid-19: The Road to Recovery,2020-06-24T05:45:00Z,72238,602,26,90,99,Chartered Society of Physiotherapy,3880,GB,https://www.youtube.com/watch?v=3sURTAaxmc8
24,24,2020-06-21-2020-06-28,UC4p6bEngiRCN7TyTxZVJ3OQ,64piemCeDGE,Coronavirus Q&amp;A: The Next COVID-19 Phase,2020-06-24T19:51:03Z,42885,583,21,64,2531,JAMA Network,57300,US,https://www.youtube.com/watch?v=64piemCeDGE
25,25,2020-06-21-2020-06-28,UClsy4h6k6Q46g9NtMuBWdDw,--UeMdiWf5I,103 tyngka shongdor u Dawai Coronavirus na India,2020-06-22T02:30:17Z,40116,1370,72,226,113,Elegis Thongni,0,IN,https://www.youtube.com/watch?v=--UeMdiWf5I
26,26,2020-06-21-2020-06-28,UCba3hpU7EFBSk817y9qZkiA,IjJOY_kd9ww,Dia negro para la farandula argentina: crecen los contagios de coronavirus entre los famosos,2020-06-24T23:35:52Z,31308,102,62,76,742,LA NACION,541000,AR,https://www.youtube.com/watch?v=IjJOY_kd9ww
27,27,2020-06-21-2020-06-28,UCqVHGwQCmmGa2hjS7ydN4sQ,e1RMPSTNO84,?SE PUEDE CONTAGIAR DE CORONAVIRUS EN EL PERIODO DE INCUBACION?,2020-06-22T23:15:08Z,40778,787,42,74,834,Dr. Luis Antonio Pacora Camargo,260000,PE,https://www.youtube.com/watch?v=e1RMPSTNO84
28,28,2020-06-21-2020-06-28,UCxdM_BlltGbSjch5BVzrhag,8OoMzh8hsh4,How COVID-19 Makes Breathing Difficult,2020-06-27T23:02:52Z,31296,301,11,28,130,Digital MEdIC at Stanford University,6950,US,https://www.youtube.com/watch?v=8OoMzh8hsh4
29,29,2020-06-21-2020-06-28,UC42Pe26uv1EnNPWXqBsdJNw,q9UOh-uJtaY,Terapias com Criancas e Adolescentes em Tempos de Covid-19 | Sinopsys Debate #2,2020-06-27T16:13:03Z,2951,384,3,11,13067,Sinopsys Editora,4740,BR,https://www.youtube.com/watch?v=q9UOh-uJtaY
